1004000
1064000
1124000
1184000
1244000
1304000
1364000
1424000
1484000
1544000
1604000
1664000
1724000
1784000
1844000
1904000
1964000
2024000
2084000
2144000
2204000
2264000
2324000
2384000
2444000
2504000
2564000
2624000
2684000
2744000
2804000
2864000
2924000
2984000
3044000
3104000
3164000
3224000
3284000
3344000
3404000
3464000
3524000
3584000
3644000
3704000
3764000
3824000
3884000
3944000
4004000
4064000
4124000
4184000
4244000
4304000
4364000
4424000
4484000
4544000
4604000
4664000
4724000
4784000
4844000
4904000
4964000
5024000
5084000
5144000
5204000
5264000
5324000
5384000
5444000
5504000
5564000
5624000
5684000
5744000
5804000
5864000
5924000
5984000
6044000
6104000
6164000
6224000
6284000
6344000
6404000
6464000
6524000
6584000
6644000
6704000
6764000
6824000
6884000
6944000
7004000
7064000
7124000
7184000
7244000
7304000
7364000
7424000
7484000
7544000
7604000
7664000
7724000
7784000
7844000
7904000
7964000
8024000
8084000
8144000
8204000
8264000
8324000
8384000
8444000
8504000
8564000
8624000
8684000
8744000
8804000
8864000
8924000
8984000
9044000
9104000
9164000
9224000
9284000
9344000
9404000
9464000
9524000
9584000
9644000
9704000
9764000
9824000
9884000
9944000
10004000
10064000
10124000
10184000
10244000
10304000
10364000
10424000
10484000
10544000
10604000
10664000
10724000
10784000
10844000
10904000
10964000
11024000
11084000
11144000
11204000
11264000
11324000
11384000
11444000
11504000
11564000
11624000
11684000
11744000
11804000
11864000
11924000
11984000